0 0
1 0
2 0
3 0
4 0
5 0
6 0
7 0
8 1047088
9 1047094
10 1047100
11 1047106
12 1047112
13 1045660
14 1045672
15 1045684
16 1045696
17 1044274
18 1044292
19 1044310
20 1042912
21 1042936
22 1041556
23 1041586
24 1040224
25 1040260
26 1040296
27 1038958
28 1039000
29 1037680
30 1036372
31 1036426
32 1035136
33 1035196
34 1033924
35 1032664
36 1032736
37 1031494
38 1030264
39 1030348
40 1029136
41 1027936
42 1026748
43 1026850
44 1025680
45 1024522
46 1023376
47 1022242
48 1021120
49 1021252
50 1020148
51 1019056
52 1017976
53 1016908
54 1015852
55 1014808
56 1013776
57 1012756
58 1011748
59 1010752
60 1009768
61 1008796
62 1007836
63 1006888
64 1005952
65 1003882
66 1002976
67 1002082
68 1001200
69 1000330
70 999472
71 997516
72 996688
73 995872
74 995068
75 994276
76 992416
77 991654
78 990904
79 989104
80 988384
81 987676
82 985936
83 985258
84 984592
85 982912
86 982276
87 981652
88 980032
89 979438
90 978856
91 977296
92 976744
93 975226
94 974704
95 973228
96 972736
97 972256
98 970840
99 970390
100 969016
101 968596
102 967264
103 966874
104 965584
105 965224
106 963976
107 963646
108 962440
109 962140
110 960976
111 960706
112 959584
113 958486
114 958264
115 957208
116 957016
117 956002
118 955840
119 954868
120 954736
121 953806
122 953704
123 952816
124 951952
125 951898
126 951076
127 951052
128 950272
129 950278
130 949540
131 948826
132 948880
133 948208
134 948292
135 947662
136 947776
137 947188
138 946624
139 946786
140 946264
141 946456
142 945976
143 946198
144 945760
145 946012
146 945616
147 945898
148 945544
149 945856
150 945544
151 945886
152 945616
153 945988
154 945760
155 946162
156 945976
157 946408
158 946264
159 946726
160 946624
161 947116
162 947056
163 947578
164 948112
165 948112
166 948676
167 948718
168 949312
169 949918
170 950020
171 950656
172 951304
173 951466
174 952144
175 952834
176 953056
177 953776
178 954508
179 954790
180 955552
181 956326
182 957112
183 957472
184 958288
185 959116
186 959956
187 960808
188 961264
189 962146
190 963040
191 963946
192 964864
193 965794
194 966736
195 967690
196 968656
197 969634
198 970624
199 971626
200 972640
201 973666
202 974704
203 975754
204 976816
205 977890
206 978976
207 980074
208 981184
209 982306
210 983440
211 984856
212 986008
213 987172
214 988348
215 989536
216 990976
217 992182
218 993400
219 994852
220 996088
221 997336
222 998800
223 1000066
224 1001344
225 1002820
226 1004116
227 1005598
228 1006912
229 1008400
230 1009732
231 1011226
232 1012576
233 1014076
234 1015444
235 1016950
236 1018456
237 1019848
238 1021360
239 1022872
240 1024288
241 1025806
242 1027324
243 1028842
244 1030288
245 1031812
246 1033336
247 1034860
248 1036384
249 1037866
250 1039396
251 1040926
252 1042456
253 1043986
254 1045516
255 1047046
256 0
257 1530
258 3060
259 4590
260 6120
261 7650
262 9180
263 10668
264 12192
265 13716
266 15240
267 16764
268 18216
269 19734
270 21252
271 22770
272 24192
273 25704
274 27216
275 28614
276 30120
277 31626
278 33000
279 34500
280 35856
281 37350
282 38688
283 40176
284 41496
285 42978
286 44280
287 45756
288 47040
289 48312
290 49776
291 51030
292 52272
293 53724
294 54948
295 56160
296 57600
297 58794
298 59976
299 61146
300 62304
301 63720
302 64860
303 65988
304 67104
305 68208
306 69300
307 70380
308 71448
309 72504
310 73548
311 74580
312 75600
313 76608
314 77604
315 78588
316 79560
317 80520
318 81468
319 82404
320 83328
321 84240
322 85140
323 86028
324 86496
325 87354
326 88200
327 89034
328 89856
329 90228
330 91020
331 91800
332 92568
333 92862
334 93600
335 94326
336 94560
337 95256
338 95940
339 96114
340 96768
341 97410
342 97524
343 98136
344 98736
345 98790
346 99360
347 99372
348 99912
349 100440
350 100392
351 100890
352 100800
353 101268
354 101136
355 101574
356 101400
357 101808
358 101592
359 101970
360 101712
361 102060
362 101760
363 102078
364 101736
365 102024
366 101640
367 101898
368 101472
369 101700
370 101232
371 101430
372 100920
373 101088
374 100536
375 99960
376 100080
377 99462
378 99552
379 98892
380 98952
381 98250
382 97524
383 97536
384 96768
385 96750
386 95940
387 95892
388 95040
389 94164
390 94068
391 93150
392 93024
393 92064
394 91908
395 90906
396 90720
397 89676
398 89460
399 88374
400 87264
401 87000
402 85848
403 85554
404 84360
405 84036
406 82800
407 82446
408 81168
409 80784
410 79464
411 79050
412 77688
413 77244
414 75840
415 75366
416 74880
417 73416
418 72900
419 71394
420 70848
421 69300
422 68724
423 68136
424 66528
425 65910
426 65280
427 63612
428 62952
429 62280
430 60552
431 59850
432 59136
433 57348
434 56604
435 55848
436 54000
437 53214
438 52416
439 51606
440 50784
441 48840
442 47988
443 47124
444 46248
445 45360
446 44460
447 42402
448 41472
449 40530
450 39576
451 38610
452 37632
453 36642
454 35640
455 34626
456 33600
457 32562
458 31512
459 30450
460 29376
461 28290
462 27192
463 27324
464 26208
465 25080
466 23940
467 22788
468 21624
469 21726
470 20544
471 19350
472 18144
473 18228
474 17004
475 15768
476 15840
477 14586
478 13320
479 13380
480 12096
481 12150
482 10848
483 9534
484 9576
485 8244
486 8280
487 8316
488 6960
489 6990
490 5616
491 5640
492 4248
493 4266
494 4284
495 2868
496 2880
497 2892
498 2904
499 1458
500 1464
501 1470
502 1476
503 1482
504 0
505 0
506 0
507 0
508 0
509 0
510 0
511 0
