-473 -228 478 -880 539 43 189 385
54 77 494 -702 392 -226 182 308
1374 617 491 -727 62 -835 -648 -183
1488 148 536 -544 62 -852 -618 -310
1300 229 81 -625 -103 -1049 -481 -194
1278 87 206 -726 195 -1331 -400 -251
1566 -121 271 -414 204 -1445 -333 -294
2195 -1037 -169 -797 242 -930 -197 -243
1953 -1395 -442 -644 136 -942 276 -369
1680 -1577 -457 -553 166 -816 392 -420
1548 -1683 -520 -454 272 -743 436 -479
1387 -1852 -568 -504 294 -798 404 -613
1323 -1937 -592 -485 327 -893 277 -596
1505 -1901 -499 -424 368 -787 291 -405
1414 -1720 -521 -420 285 -937 383 -477
1522 -1866 -463 -559 106 -994 158 -459
1285 -1889 -330 -604 49 -889 111 -516
1094 -1844 -175 -595 17 -917 355 -612
1255 -1522 27 -574 -117 -416 465 -524
1049 -1340 233 -651 77 -293 731 -649
1024 -967 301 -1055 217 -54 398 -831
891 -479 154 -1392 320 -72 318 -821
1019 24 142 -1414 269 145 -143 -659
1151 -19 224 -1506 384 -207 -336 -552
1098 334 271 -1215 293 -469 -456 -502
1190 372 722 -981 314 -507 -559 -292
842 591 404 -528 458 -967 -778 -244
924 550 550 -854 101 -646 -625 -262
630 482 883 -725 327 -432 -510 -491
291 362 885 -827 412 -393 -335 -283
-82 542 864 -366 592 -311 -422 -218
-143 136 442 -821 475 -256 -47 31
0 0 0 0 0 0 0 0
0 0 0 0 0 0 0 0
0 0 0 0 0 0 0 0
0 0 0 0 0 0 0 0
0 0 0 0 0 0 0 0
0 0 0 0 0 0 0 0
0 0 0 0 0 0 0 0
0 0 0 0 0 0 0 0
0 0 0 0 0 0 0 0
0 0 0 0 0 0 0 0
0 0 0 0 0 0 0 0
0 0 0 0 0 0 0 0
0 0 0 0 0 0 0 0
0 0 0 0 0 0 0 0
0 0 0 0 0 0 0 0
0 0 0 0 0 0 0 0
0 0 0 0 0 0 0 0
0 0 0 0 0 0 0 0
0 0 0 0 0 0 0 0
0 0 0 0 0 0 0 0
0 0 0 0 0 0 0 0
0 0 0 0 0 0 0 0
0 0 0 0 0 0 0 0
0 0 0 0 0 0 0 0
0 0 0 0 0 0 0 0
0 0 0 0 0 0 0 0
0 0 0 0 0 0 0 0
0 0 0 0 0 0 0 0
0 0 0 0 0 0 0 0
0 0 0 0 0 0 0 0
0 0 0 0 0 0 0 0
