0 10 5 0 0 1 1 20 12 6 4 4 4 2 2 2 4 2 9 5 2 13 25 151 195 46 9 8 5 1 2 3
2 53 25 9 3 5 7 42 17 3 9 6 4 1 6 3 3 7 8 11 0 4 17 76 252 22 12 10 3 2 6 6
1 259 994 1136 679 965 223 43 8 16 5 11 13 8 0 8 14 4 0 3 4 2 0 162 274 5 6 4 3 1 0 2
6 99 2436 1481 657 4391 558 35 14 33 24 43 17 39 29 36 58 5 11 23 20 6 6 61 305 27 7 10 7 1 0 0
0 172 4323 3916 652 6367 1481 103 77 176 155 19 28 62 38 59 181 41 10 9 8 12 7 131 279 28 22 26 17 13 7 1
1 448 6017 9080 1062 6084 3304 98 145 131 322 42 64 50 119 308 206 96 28 6 7 14 27 278 429 86 66 82 47 14 3 3
6 909 5213 14029 2500 4964 6417 325 247 70 279 49 109 290 749 1045 514 67 100 35 11 19 20 168 229 82 69 229 52 7 5 4
14 2377 1762 17018 10211 3609 19432 8592 5812 6247 2225 2770 3892 2470 3363 2322 4211 307 115 141 59 94 128 221 412 27 52 86 25 7 9 29
20 3971 1786 16689 8183 4084 52666 16059 29377 52949 9069 22604 5019 9111 11199 12541 25941 5833 358 586 346 189 212 499 389 31 64 640 363 81 72 90
26 4864 1036 15857 11081 1655 39031 16639 33177 98846 14504 59991 10060 11955 15617 35509 33079 16296 1463 1018 733 519 510 845 263 132 136 850 728 216 206 59
26 6210 576 13794 12859 485 29186 18775 22207 112360 15327 87934 23417 14736 16548 69101 24164 21420 2373 1026 764 702 393 928 516 56 187 1276 790 400 297 74
9 6328 234 10741 12157 419 25314 19396 13682 98139 15558 106642 38940 17242 16733 102255 24600 23585 1976 1195 1018 814 868 588 458 39 264 3062 1034 297 103 47
2 6324 322 9571 11026 265 19705 16708 7126 66402 12616 100646 39807 18984 16484 108610 24364 21054 1917 991 817 597 520 381 327 164 281 1451 450 155 46 18
8 5216 216 6622 6649 288 16159 10665 7861 43013 9871 93333 26903 10512 15778 95629 21167 17752 1347 821 648 380 354 677 349 72 143 1447 309 56 20 9
6 2938 503 6785 4312 755 15400 5970 10989 26079 13627 68418 8949 3857 27208 68185 25971 13692 829 1111 560 291 327 506 125 89 534 2452 288 94 22 7
0 2172 1287 8737 3655 2922 16616 3200 17512 16157 31051 50453 3901 3155 49318 35605 35778 6802 1787 857 497 354 240 357 246 96 218 582 131 25 15 7
0 724 2809 6441 1149 6398 8739 2596 14933 7157 48056 13007 12255 5571 17727 17031 16212 26435 2984 1241 789 469 504 852 360 80 488 858 73 40 15 3
1 220 5448 3643 816 5176 1376 3561 2683 19322 16869 12345 5651 1236 7015 9895 19800 23323 4879 1510 619 487 288 478 324 94 867 677 82 40 10 5
3 1324 6737 992 1559 1302 2146 2138 4688 8846 19449 12418 2237 975 1247 1561 6642 12648 10038 2246 668 471 398 559 316 54 416 248 82 36 7 0
11 2333 4111 397 1335 424 2207 1148 2736 11353 21247 3452 1161 954 1595 830 1253 4287 9260 5630 1565 567 313 418 259 139 1272 531 66 46 25 6
4 3883 2444 377 394 1389 1645 556 1284 6240 4341 3509 1656 679 274 80 158 423 709 1614 4987 569 137 461 516 137 631 315 38 20 9 5
3 4120 1620 350 322 2159 1128 1130 3133 3528 2974 1269 867 451 185 29 29 98 91 494 820 2138 247 264 512 137 757 979 94 26 16 8
5 3251 752 315 378 1056 1203 1201 1558 612 822 250 439 281 100 7 4 12 21 26 331 1542 1044 214 105 50 124 281 94 32 9 3
2 2421 577 534 1108 1362 1407 616 446 769 540 187 293 200 74 11 6 6 27 27 28 400 1101 262 379 33 111 292 28 7 2 3
2 1765 478 419 1533 1163 1395 319 76 150 61 124 101 54 28 13 4 6 6 17 7 165 191 111 245 31 47 160 22 7 5 4
4 1001 619 453 970 344 340 91 45 35 5 21 15 68 43 2 4 2 6 14 28 21 20 139 222 56 26 19 2 1 4 6
0 726 970 779 1062 297 198 26 21 9 4 10 16 91 65 13 10 3 4 2 7 6 11 97 328 58 39 30 7 9 8 2
0 221 839 530 888 311 218 59 11 14 15 5 21 24 4 1 11 14 6 1 8 17 21 91 266 25 18 10 4 4 4 2
2 99 233 323 711 59 11 6 4 6 19 1 6 14 8 0 0 2 10 9 10 10 10 79 230 37 18 4 10 1 0 2
3 39 33 143 81 44 5 13 2 2 7 7 4 4 1 0 6 3 3 3 11 15 12 90 233 55 19 5 6 1 2 6
1 152 65 56 26 19 0 0 1 0 4 5 0 2 3 3 3 2 1 2 13 5 9 47 295 51 7 7 6 3 8 4
2 6 8 4 12 5 5 7 2 8 7 5 0 3 3 5 0 0 3 5 7 5 8 33 243 57 16 16 5 0 0 0
0 0 0 0 0 0 0 0 0 0 0 0 0 0 0 0 0 0 0 0 0 0 0 0 0 0 0 0 0 0 0 0
0 0 0 0 0 0 0 0 0 0 0 0 0 0 0 0 0 0 0 0 0 0 0 0 0 0 0 0 0 0 0 0
0 0 0 0 0 0 0 0 0 0 0 0 0 0 0 0 0 0 0 0 0 0 0 0 0 0 0 0 0 0 0 0
0 0 0 0 0 0 0 0 0 0 0 0 0 0 0 0 0 0 0 0 0 0 0 0 0 0 0 0 0 0 0 0
0 0 0 0 0 0 0 0 0 0 0 0 0 0 0 0 0 0 0 0 0 0 0 0 0 0 0 0 0 0 0 0
0 0 0 0 0 0 0 0 0 0 0 0 0 0 0 0 0 0 0 0 0 0 0 0 0 0 0 0 0 0 0 0
0 0 0 0 0 0 0 0 0 0 0 0 0 0 0 0 0 0 0 0 0 0 0 0 0 0 0 0 0 0 0 0
0 0 0 0 0 0 0 0 0 0 0 0 0 0 0 0 0 0 0 0 0 0 0 0 0 0 0 0 0 0 0 0
0 0 0 0 0 0 0 0 0 0 0 0 0 0 0 0 0 0 0 0 0 0 0 0 0 0 0 0 0 0 0 0
0 0 0 0 0 0 0 0 0 0 0 0 0 0 0 0 0 0 0 0 0 0 0 0 0 0 0 0 0 0 0 0
0 0 0 0 0 0 0 0 0 0 0 0 0 0 0 0 0 0 0 0 0 0 0 0 0 0 0 0 0 0 0 0
0 0 0 0 0 0 0 0 0 0 0 0 0 0 0 0 0 0 0 0 0 0 0 0 0 0 0 0 0 0 0 0
0 0 0 0 0 0 0 0 0 0 0 0 0 0 0 0 0 0 0 0 0 0 0 0 0 0 0 0 0 0 0 0
0 0 0 0 0 0 0 0 0 0 0 0 0 0 0 0 0 0 0 0 0 0 0 0 0 0 0 0 0 0 0 0
0 0 0 0 0 0 0 0 0 0 0 0 0 0 0 0 0 0 0 0 0 0 0 0 0 0 0 0 0 0 0 0
0 0 0 0 0 0 0 0 0 0 0 0 0 0 0 0 0 0 0 0 0 0 0 0 0 0 0 0 0 0 0 0
0 0 0 0 0 0 0 0 0 0 0 0 0 0 0 0 0 0 0 0 0 0 0 0 0 0 0 0 0 0 0 0
0 0 0 0 0 0 0 0 0 0 0 0 0 0 0 0 0 0 0 0 0 0 0 0 0 0 0 0 0 0 0 0
0 0 0 0 0 0 0 0 0 0 0 0 0 0 0 0 0 0 0 0 0 0 0 0 0 0 0 0 0 0 0 0
0 0 0 0 0 0 0 0 0 0 0 0 0 0 0 0 0 0 0 0 0 0 0 0 0 0 0 0 0 0 0 0
0 0 0 0 0 0 0 0 0 0 0 0 0 0 0 0 0 0 0 0 0 0 0 0 0 0 0 0 0 0 0 0
0 0 0 0 0 0 0 0 0 0 0 0 0 0 0 0 0 0 0 0 0 0 0 0 0 0 0 0 0 0 0 0
0 0 0 0 0 0 0 0 0 0 0 0 0 0 0 0 0 0 0 0 0 0 0 0 0 0 0 0 0 0 0 0
0 0 0 0 0 0 0 0 0 0 0 0 0 0 0 0 0 0 0 0 0 0 0 0 0 0 0 0 0 0 0 0
0 0 0 0 0 0 0 0 0 0 0 0 0 0 0 0 0 0 0 0 0 0 0 0 0 0 0 0 0 0 0 0
0 0 0 0 0 0 0 0 0 0 0 0 0 0 0 0 0 0 0 0 0 0 0 0 0 0 0 0 0 0 0 0
0 0 0 0 0 0 0 0 0 0 0 0 0 0 0 0 0 0 0 0 0 0 0 0 0 0 0 0 0 0 0 0
0 0 0 0 0 0 0 0 0 0 0 0 0 0 0 0 0 0 0 0 0 0 0 0 0 0 0 0 0 0 0 0
0 0 0 0 0 0 0 0 0 0 0 0 0 0 0 0 0 0 0 0 0 0 0 0 0 0 0 0 0 0 0 0
0 0 0 0 0 0 0 0 0 0 0 0 0 0 0 0 0 0 0 0 0 0 0 0 0 0 0 0 0 0 0 0
0 0 0 0 0 0 0 0 0 0 0 0 0 0 0 0 0 0 0 0 0 0 0 0 0 0 0 0 0 0 0 0
