625 1000 200000 512
0
76537
141421
184776
200000
184776
141421
76537
0
-76537
-141421
-184776
-200000
-184776
-141421
-76537
0
76537
141421
184776
200000
184776
141421
76537
0
-76537
-141421
-184776
-200000
-184776
-141421
-76537
0
76537
141421
184776
200000
184776
141421
76537
0
-76537
-141421
-184776
-200000
-184776
-141421
-76537
0
76537
141421
184776
200000
184776
141421
76537
0
-76537
-141421
-184776
-200000
-184776
-141421
-76537
0
76537
141421
184776
200000
184776
141421
76537
0
-76537
-141421
-184776
-200000
-184776
-141421
-76537
0
76537
141421
184776
200000
184776
141421
76537
0
-76537
-141421
-184776
-200000
-184776
-141421
-76537
0
76537
141421
184776
200000
184776
141421
76537
0
-76537
-141421
-184776
-200000
-184776
-141421
-76537
0
76537
141421
184776
200000
184776
141421
76537
0
-76537
-141421
-184776
-200000
-184776
-141421
-76537
0
76537
141421
184776
200000
184776
141421
76537
0
-76537
-141421
-184776
-200000
-184776
-141421
-76537
0
76537
141421
184776
200000
184776
141421
76537
0
-76537
-141421
-184776
-200000
-184776
-141421
-76537
0
76537
141421
184776
200000
184776
141421
76537
0
-76537
-141421
-184776
-200000
-184776
-141421
-76537
0
76537
141421
184776
200000
184776
141421
76537
0
-76537
-141421
-184776
-200000
-184776
-141421
-76537
0
76537
141421
184776
200000
184776
141421
76537
0
-76537
-141421
-184776
-200000
-184776
-141421
-76537
0
76537
141421
184776
200000
184776
141421
76537
0
-76537
-141421
-184776
-200000
-184776
-141421
-76537
0
76537
141421
184776
200000
184776
141421
76537
0
-76537
-141421
-184776
-200000
-184776
-141421
-76537
0
76537
141421
184776
200000
184776
141421
76537
0
-76537
-141421
-184776
-200000
-184776
-141421
-76537
0
76537
141421
184776
200000
184776
141421
76537
0
-76537
-141421
-184776
-200000
-184776
-141421
-76537
0
76537
141421
184776
200000
184776
141421
76537
0
-76537
-141421
-184776
-200000
-184776
-141421
-76537
0
76537
141421
184776
200000
184776
141421
76537
0
-76537
-141421
-184776
-200000
-184776
-141421
-76537
0
76537
141421
184776
200000
184776
141421
76537
0
-76537
-141421
-184776
-200000
-184776
-141421
-76537
0
76537
141421
184776
200000
184776
141421
76537
0
-76537
-141421
-184776
-200000
-184776
-141421
-76537
0
76537
141421
184776
200000
184776
141421
76537
0
-76537
-141421
-184776
-200000
-184776
-141421
-76537
0
76537
141421
184776
200000
184776
141421
76537
0
-76537
-141421
-184776
-200000
-184776
-141421
-76537
0
76537
141421
184776
200000
184776
141421
76537
0
-76537
-141421
-184776
-200000
-184776
-141421
-76537
0
76537
141421
184776
200000
184776
141421
76537
0
-76537
-141421
-184776
-200000
-184776
-141421
-76537
0
76537
141421
184776
200000
184776
141421
76537
0
-76537
-141421
-184776
-200000
-184776
-141421
-76537
0
76537
141421
184776
200000
184776
141421
76537
0
-76537
-141421
-184776
-200000
-184776
-141421
-76537
0
76537
141421
184776
200000
184776
141421
76537
0
-76537
-141421
-184776
-200000
-184776
-141421
-76537
0
76537
141421
184776
200000
184776
141421
76537
0
-76537
-141421
-184776
-200000
-184776
-141421
-76537
0
76537
141421
184776
200000
184776
141421
76537
0
-76537
-141421
-184776
-200000
-184776
-141421
-76537
0
76537
141421
184776
200000
184776
141421
76537
0
-76537
-141421
-184776
-200000
-184776
-141421
-76537
0
76537
141421
184776
200000
184776
141421
76537
0
-76537
-141421
-184776
-200000
-184776
-141421
-76537
